2.36681 1.24404 7.27113
358.545 2.30995 11.2809
2.48357 -0.041614 12.2985
1.23258 0.219721 11.6022
359.489 -1.1633 10.4726
1.25174 -0.4017 12.4152
359.887 0.207705 12.5816
0.822455 -1.00185 10.873
359.066 -0.130668 11.979
0.737863 -0.893871 8.08944
357.738 0.443775 11.8684
358.746 0.01374 10.3226
359.26 -2.14469 10.2484
2.24335 -0.256441 10.2634
359.066 0.3842 12.4345
359.284 2.34118 11.3464
2.29572 -1.91542 11.4583
358.647 -0.895022 10.716
358.36 2.41282 12.041
358.495 1.01009 11.5166
0.448175 -1.78543 11.3368
1.44068 -2.49682 11.447
1.68018 -0.009614 11.6792
1.41471 2.44886 10.7518
1.61692 1.92317 10.2833
0.011159 -2.12665 12.2517
1.17872 -2.43229 11.8417
358.787 1.00892 11.0298
357.694 1.92658 11.2528
359.601 2.29801 10.2901
1.29242 2.3972 8.69417
1.86421 2.08422 12.4609
358.248 0.585457 9.61077
358.628 2.18929 11.5218
1.60017 -1.64367 12.0017
0.83177 -0.286375 12.2643
359.512 -1.98002 8.96496
359.111 0.481289 8.6271
2.25081 -1.93761 11.0217
1.54077 1.23608 10.7508
1.08038 0.875641 10.5802
0.911919 1.40908 11.0396
1.55901 1.45549 11.5726
358.215 1.35353 12.2999
1.34144 2.47134 11.353
2.08 2.48811 12.1037
2.46745 -2.45022 11.2665
358.868 0.637227 9.93221
1.54067 -0.973946 12.0941
359.655 -0.16756 11.5069
1.93819 -2.18678 10.445
357.524 -0.182847 11.745
0.974123 1.88118 11.5052
358.548 0.10186 11.9968
359.896 2.25267 10.1703
0.070541 -0.431268 12.4359
359.114 -0.587147 10.3948
359.358 -2.14906 12.0009
0.546582 0.473283 10.2955
0.42675 -1.86053 12.1801
357.587 1.91795 8.91936
358.716 1.84973 9.69263
357.64 1.72459 9.34712
1.22564 -0.00146 11.3715
0.41169 -2.39316 11.6569
358.762 -1.22308 11.4951
0.696571 2.13013 7.34266
359.793 -0.583482 9.22578
0.571223 -0.360076 10.619
1.03135 -1.08138 11.5394
1.39625 -1.27066 11.3294
0.263239 2.42347 10.0957
1.68702 -1.42531 12.4923
0.338925 1.11611 11.6354
358.151 -2.36848 9.14894
1.55482 -1.88716 8.69225
1.82027 -0.748829 11.6795
357.619 -0.516314 10.4346
358.829 0.208556 12.0942
0.805678 -1.65671 10.761
358.344 -0.009133 10.8008
1.327 -1.79408 7.93805
357.809 0.946219 11.4281
0.785497 -1.82442 10.8423
358.279 2.33112 8.05376
358.606 2.46389 9.26143
2.12676 0.709658 11.2285
358.627 -1.33598 12.0573
0.365086 0.301584 9.23713
358.686 -0.116715 11.5236
359.858 1.25863 10.6955
0.122951 -2.38946 9.39624
359.223 -0.607924 11.6036
0.417782 -1.47552 11.7157
0.116758 -0.129577 12.1472
0.00281 1.2473 11.4854
357.617 0.480808 10.6916
358.371 2.40665 10.8428
357.674 0.745969 11.0924
359.533 0.997721 10.2282
359 -0.027915 11.3041
358.964 -1.00783 11.4281
359.587 0.222885 12.3743
358.897 0.945039 11.8169
358.734 1.77797 11.6208
357.719 -0.159372 10.7586
357.829 1.0836 10.4196
359.631 0.045854 11.2532
358.031 0.519199 10.8584
358.305 -2.37423 10.4006
1.19281 1.53689 8.18489
358.443 -2.33847 11.0466
357.573 2.2674 10.4899
1.08761 -1.89893 11.1494
358.937 -1.36338 12.9191
358.843 -2.20575 12.4012
1.82703 0.69273 10.5631
359.88 0.881733 11.0396
2.11621 0.264821 10.9827
358.278 0.345037 11.1495
357.555 0.935135 11.5213
1.12558 2.26739 8.50638
358.686 -0.799851 11.0211
357.951 1.44712 12.1125
1.95905 0.129938 9.14504
358.694 0.109308 5.84558
359.962 -1.19671 9.22423
2.30407 -0.752193 9.90896
1.26593 -0.503036 6.30525
1.43263 0.30048 10.7553
2.30863 -0.393147 11.2789
359.721 -1.39525 10.8133
359.908 -0.935783 11.5831
358.629 0.393693 10.9685
357.858 2.41535 11.2864
357.845 -1.41881 11.2719
0.959742 0.617998 9.8564
2.20551 1.25424 9.59033
358.027 -0.051442 12.459
357.781 -1.87754 11.4813
1.9442 -1.01923 11.8239
359.798 0.236238 11.8993
358.965 -0.55988 9.83556
1.4452 -1.89607 11.9189
358.698 -1.60714 12.6993
0.050598 1.77144 10.0319
1.91074 0.179097 9.62678
359.397 0.882084 11.8557
359.356 0.916184 11.5163
359.43 -1.91612 12.1202
358.814 2.44562 11.1037
359.087 -1.96755 12.577
359.137 1.25108 8.62322
358.293 -1.57036 9.68344
359.216 -0.75285 11.5284
1.44481 -2.01002 11.9855
2.48992 1.74444 12.2103
0.425206 -1.13996 9.8976
359.229 -2.12616 9.61757
1.79916 -0.362989 11.0488
2.31751 2.23184 12.146
357.733 2.3002 10.5945
359.024 -0.692386 12.0516
359.274 -0.146747 11.6273
359.032 1.5592 10.3325
359.503 1.98333 11.1627
1.29401 -1.85364 9.08868
0.993075 2.38535 9.90568
0.026656 1.33195 9.36927
358.579 2.2953 11.6807
357.728 -0.752455 11.8497
0.924625 -1.55556 9.35257
358.467 0.596166 7.64247
359.311 1.07109 12.4561
357.642 1.87847 12.199
358.795 0.561134 11.7294
0.622976 0.39155 11.2302
359.642 -0.992172 11.6401
0.057487 0.22003 11.2127
358.9 0.695829 9.23163
358.271 1.05694 12.3936
1.69947 0.263334 11.8526
359.61 2.13442 9.4989
0.064528 1.20797 12.1366
358.673 -0.930242 11.6553
1.74432 1.77746 11.1417
2.07697 -1.09181 11.7106
1.08511 -1.78877 11.0959
359.128 1.91855 8.96837
359.003 0.94739 11.1328
358.641 0.133915 10.9187
2.41751 -1.74063 11.0281
0.038561 1.2895 10.312
358.54 2.38224 9.88611
358.186 -1.01524 9.98618
358.534 0.963636 10.609
2.48179 0.717155 10.6633
358.823 -1.57287 9.67211
358.559 2.24779 12.3194
358.9 -2.33082 9.43895
359.099 -1.79945 12.0835
1.68666 0.432647 12.4417
2.0504 -2.44771 6.20293
359.669 2.00069 12.0421
2.30135 0.07457 9.66846
0.496081 0.869961 11.5848
359.331 -2.03894 13.4067
358.696 0.949576 10.5937
358.406 0.613256 11.2963
1.59066 2.32638 10.8055
1.87542 0.880083 10.4786
0.313564 -2.34056 9.08001
357.697 1.93852 10.9602
0.521261 2.02929 11.8914
2.36142 -0.164343 11.0892
2.20804 2.00126 11.3461
359.587 -1.14477 11.352
358.135 0.948803 11.4369
357.909 1.16271 10.9897
357.789 -1.93622 9.6898
357.918 -1.67387 11.6415
357.901 -0.310989 11.5808
1.95585 2.06029 12.5054
359.34 -2.35037 10.8089
357.906 0.655061 11.5855
358.261 1.68672 11.2117
358.117 -1.16623 10.3447
359.116 -0.932325 9.04298
358.999 -1.55788 11.8898
358.336 0.204214 11.2252
359.505 -2.37204 8.52683
0.298389 1.92361 11.6458
1.83101 1.66508 8.94991
1.35355 -1.44022 9.38059
357.848 1.80167 12.0253
358.109 2.38951 9.17523
0.556636 -0.485248 9.62581
357.778 2.23786 6.93199
0.044853 0.863973 12.4994
2.17522 -2.14495 11.2283
1.93882 -0.467756 11.9644
358.469 -1.70254 11.3952
358.661 -1.94624 7.58609
1.17092 -1.09678 11.7942
358.039 0.361007 11.3692
357.863 1.57589 10.4129
0.000896 1.08901 9.09382
358.204 0.068532 12.7381
0.811541 -0.049259 11.1913
359.668 -1.19581 12.3149
358.564 -2.0941 11.4738
0.533213 1.70622 12.2941
357.926 1.13044 11.5553
0.491393 0.128582 9.31823
0.191984 -2.06314 10.8455
1.06201 -0.007399 9.47812
359.023 0.211192 11.9533
0.277559 1.64459 11.3777
358.513 0.957105 11.699
1.43856 0.582586 11.3287
359.072 -2.15847 11.7562
0.137243 0.720997 12.2053
0.162932 0.222932 8.1409
358.884 1.8813 11.6182
358.311 1.05071 12.021
359.393 -1.29437 11.3691
1.00218 2.24247 10.9163
0.571702 -2.13915 9.71494
359.616 1.7812 11.6786
359.467 -1.03128 10.4991
2.02822 0.95096 10.5337
358.712 -1.98356 12.2243
359.519 -0.128191 9.02945
1.92039 -2.22012 12.1577
0.777831 2.33747 11.3914
357.895 -2.37242 11.6299
2.06481 0.674371 10.5684
358.77 0.245442 12.2274
358.751 -2.40198 10.1532
1.54828 -2.15491 9.28982
0.727283 -1.90083 11.0118
1.51393 0.821279 11.1565
359.017 0.669249 10.2643
359.497 -0.902455 12.1544
357.522 -1.57252 11.39
2.23165 -1.2771 11.4888
1.63215 2.4198 11.5502
359.269 -1.78491 11.7866
1.40419 -1.2618 11.8572
359.43 -0.252673 10.545
1.47208 -1.74447 10.5922
358.682 1.58815 11.6648
1.27508 0.730039 10.7709
359.969 -1.7363 10.8424
1.31583 -0.054795 11.6447
358.178 -0.808263 10.2182
0.143687 0.174769 11.2362
358.741 -2.25984 11.9371
0.28077 0.798662 12.1636
359.369 -2.13818 12.8993
359.63 -1.68877 8.99562
359.514 -1.64486 11.4193
2.25869 -1.21207 11.3055
0.050598 1.77144 10.4493
359.161 0.018457 11.8701
0.912395 1.58616 9.10678
2.21482 -1.14028 9.77394
359.044 1.47234 11.6739
1.16293 2.35633 12.6975
358.729 0.998175 10.8274
2.21767 0.692454 7.34202
358.557 0.569757 12.0904
0.708238 -0.815937 11.4161
0.515252 -1.55253 10.3285
2.03548 1.74732 9.83734
1.08234 2.12262 12.163
357.719 1.03536 10.697
357.629 -1.874 11.9372
358.03 -1.00213 11.6882
1.43516 -0.208195 11.5249
358.387 1.70335 8.56893
358.315 0.402278 11.4433
359.909 -1.46683 11.5024
359.715 -0.861948 11.6354
359.504 1.22291 12.341
0.696571 2.13013 9.26595
358.606 2.46389 7.96357
359.01 -0.988632 12.2056
359.667 0.391712 10.8677
1.45869 -0.152928 11.0667
1.60912 -1.71938 12.3284
358.752 2.05534 11.7917
358.132 1.07449 9.18228
2.05794 1.87251 11.2175
358.058 -0.149864 11.3521
0.136129 -1.92948 10.7645
359.017 -1.76071 12.5726
2.07183 0.676485 11.2584
359.902 -1.00518 11.8064
0.115566 0.205058 9.3195
0.526989 0.415348 9.12497
0.333886 1.98583 11.7963
1.28044 0.369565 11.1294
358.212 0.725297 9.34237
358.159 1.23219 11.115
359.174 1.04716 11.4568
1.95337 1.31113 10.9501
1.91354 1.34664 9.25012
358.571 1.21982 11.8019
357.659 -0.312265 11.8776
359.261 2.41785 11.624
1.71705 1.49736 11.2544
0.258504 0.817692 11.7454
358.721 -0.285966 8.36084
358.386 0.196162 10.936
359.955 -2.11261 8.36008
0.691287 1.63487 11.9047
358.83 2.23431 11.6005
1.66775 2.10532 10.3831
358.517 1.57299 11.3773
1.05145 -0.957223 10.4187
357.501 1.46113 10.6736
1.61659 -1.51628 11.033
358.239 -1.72871 10.1791
359.733 -0.176594 11.4247
358.682 0.999799 10.58
359.665 -1.3678 12.4398
1.68102 -0.714676 11.1655
0.960748 0.775663 10.1541
358.457 -1.28371 9.93056
357.738 2.41949 12.1146
1.42813 0.839275 11.7173
359.591 1.59067 10.3225
357.86 2.42516 11.3684
0.601866 -0.400515 12.2661
0.604649 1.52115 11.7085
0.585029 -1.91999 12.4084
358.436 -0.572388 11.5732
1.02617 -0.291568 10.9395
359.417 1.52933 11.9919
359.243 -0.723753 11.5536
359.806 2.14446 9.66558
2.20178 -1.09529 12.673
359.242 1.57123 11.2413
359.092 0.851653 10.3782
0.976912 1.31379 11.0323
357.516 -0.302975 10.36
1.18889 0.0565 8.82832
358.422 -1.66077 8.60732
357.844 0.907393 10.565
0.426773 1.78692 11.199
1.47364 0.543009 11.6542
1.45473 -1.17834 10.851
1.8581 -1.38304 10.0451
2.17655 0.408452 11.7955
0.878068 2.31597 11.3741
2.34078 0.635152 11.2398
1.05686 1.89783 12.0261
1.55179 0.517166 11.1814
0.68684 2.47767 11.5497
359.944 -0.280119 6.84363
0.398487 0.444806 11.4917
1.02751 2.10043 12.6832
1.81806 0.125772 12.2127
358.248 -0.301888 10.5979
0.913271 2.06961 11.3175
1.23455 0.52322 10.8964
359.964 0.812914 11.8582
2.32853 2.46248 11.1279
357.559 1.82729 10.5985
0.484182 0.434852 11.8463
358.478 1.3946 11.1556
2.46593 2.04847 11.569
1.35185 -1.64181 10.2262
0.21862 -2.01679 10.6725
358.421 -1.64735 10.3686
357.607 1.66289 10.194
358.853 0.825046 11.6405
1.19732 -0.664605 11.5621
359.042 1.39624 12.0604
358.664 -0.287888 11.3675
358.732 2.06648 12.3371
358.844 -1.07934 9.64985
358.198 -1.38176 11.904
2.3524 0.072 8.58211
0.885709 -0.927002 11.1805
358.485 -2.21995 9.61432
359.595 -0.863832 11.5338
0.869259 0.749528 11.9606
357.536 0.194614 11.0087
357.638 -2.06621 10.9987
357.94 1.13255 12.05
358.07 1.49856 8.14433
358.989 -0.299162 10.2898
0.11809 0.736186 10.6656
0.472583 1.24668 11.3751
358.429 1.00812 11.1975
1.47201 1.17085 11.9392
358.646 -0.585247 8.80235
2.0114 2.44456 10.916
358.55 1.82204 12.2399
1.02767 1.45849 12.2536
358.826 1.09537 12.068
359.619 0.8214 10.949
359.103 1.96312 11.9646
2.46125 0.279347 12.5613
359.589 1.77372 11.5719
0.401593 0.235959 10.6451
358.654 -0.622499 10.4496
1.90622 -1.03091 12.2876
358.553 2.25494 10.9283
0.29235 -0.076089 8.13432
1.60854 -1.80041 12.7967
358.27 2.09062 6.279
0.759422 2.35765 9.67487
358.668 0.722773 11.9189
1.53355 0.121417 8.22624
0.469349 -1.76152 11.8546
0.302882 2.43204 11.409
357.533 1.97019 8.54786
357.73 2.11409 11.5328
0.161991 2.19436 11.6383
1.9793 -1.88138 12.7388
357.523 -0.305846 11.7061
358.764 1.66825 12.9448
358.824 -1.4549 11.1885
0.423209 1.8069 11.8909
357.555 0.534111 11.1621
0.478468 -1.02672 11.4475
359.389 0.304235 11.9752
0.233486 -2.3502 11.8043
358.521 0.226751 9.87379
2.44937 -1.95443 11.1901
0.39678 -0.137938 10.1098
1.82438 -1.84873 11.297
1.53826 -0.77951 10.7774
2.44762 -2.17254 10.1221
358.048 1.9165 12.4562
359.596 -1.39145 11.8788
1.91638 -1.27701 11.8649
1.12338 2.22552 11.1687
0.75932 -2.04067 12.5036
0.372202 2.48019 11.3264
359.573 1.33114 11.2591
359.732 2.16798 11.408
359.11 0.005231 12.0373
1.53858 0.007723 13.0253
1.45565 -1.99343 11.0881
2.37051 0.330839 11.4748
1.39916 -1.96874 11.2359
0.781387 0.088983 11.24
359.452 -0.446208 11.4841
1.37618 -0.787122 10.5311
0.37629 2.04043 11.9444
358.07 1.18063 10.5393
0.193258 2.05227 10.1108
359.213 1.97813 11.2644
1.58183 -0.673047 10.7507
0.14341 1.06621 8.93435
1.37657 -1.82022 8.31714
0.65016 -1.59089 12.2999
358.309 0.709886 11.7668
359.214 2.16414 11.5148
2.37142 2.304 9.37593
0.984631 -2.48394 12.4714
359.225 0.892768 11.5186
358.987 -0.033023 10.8418
359.296 -0.649391 9.88937
359.962 1.87035 9.33864
2.08833 -1.39838 12.0129
357.612 1.07649 10.3023
1.55783 0.085892 11.985
358.972 1.12017 9.57386
0.218548 -1.88087 11.6526
358.153 0.062294 11.2535
1.17301 -1.05929 8.99553
359.785 0.864062 11.3344
358.171 0.10143 12.4421
359.872 2.15987 12.3047
1.58884 2.45427 11.6652
359.625 -0.513802 11.6166
1.75656 -2.33676 9.72673
0.351025 0.251565 10.5606
1.2523 -1.54534 10.442
0.016052 -1.37342 13.1262
359.162 1.23237 10.5418
0.129434 -1.93803 12.5435
2.06364 0.86571 12.4679
358.58 0.264953 12.2287
0.197139 2.3849 9.50734
1.09472 -1.75939 11.2263
0.60239 -1.02952 12.076
0.394471 0.110649 12.6863
359.445 1.94225 10.9415
2.08092 1.33508 11.6584
359.795 -0.499832 8.70278
0.345823 -1.62139 10.4212
358.086 0.426733 11.7
357.638 -2.06621 10.8447
359.608 -1.08251 10.473
2.17964 -2.22258 7.06014
358.336 -2.15507 10.5922
359.587 2.28937 9.54068
358.199 1.80136 11.4459
359.633 0.04268 11.7237
0.426793 -0.217781 8.67271
359.583 0.324799 10.2904
359.881 -2.18187 12.0216
0.874891 1.74911 11.444
358.509 -0.224166 11.9986
1.8494 -0.356076 10.3194
1.30754 2.05589 11.2439
357.827 1.89116 12.0649
359.896 -1.84992 7.48766
1.71815 1.86102 8.99831
357.569 0.502956 12.0898
358.102 -0.933264 10.8074
2.01041 -1.608 11.5149
2.26301 -1.93797 10.9855
0.670566 2.00028 11.548
357.879 0.180443 11.5414
359.999 -0.065347 10.4888
359.694 0.249035 11.1671
0.939909 -1.32941 11.2195
358.853 -2.11091 9.84564
359.644 1.51672 10.7569
359.983 1.02485 13.2276
1.26467 1.03771 8.83446
357.776 1.59129 9.61027
359.363 -0.096776 12.0526
359.796 0.224029 11.1956
2.1695 0.234219 12.1331
359.853 0.569529 11.5472
358.755 0.710527 11.9412
2.17351 0.885723 11.1987
1.53831 -2.015 11.959
1.78619 0.339837 9.71742
358.917 -2.0397 11.4675
359.694 -0.896817 10.2373
1.31547 -2.47794 11.1401
1.25089 2.05664 11.2872
359.554 0.972551 10.7657
359.35 1.35832 12.2937
357.63 0.878772 11.1455
359.156 0.692719 9.75985
358.367 0.052487 11.9475
1.70237 -0.24178 12.2578
358.896 -0.178986 10.1582
0.048423 -0.360457 7.2712
359.356 -0.438066 11.7869
358.594 -0.769071 10.5602
358.899 -1.43263 12.1656
1.97558 -0.178075 11.2506
359.576 1.10232 11.3136
1.04166 1.55912 11.5879
0.037435 -0.064804 10.6631
359.028 2.19114 10.8306
358.709 2.28168 10.1317
358.084 -0.075601 11.4244
1.08806 1.15401 11.1411
358.129 -1.89121 11.3253
0.822455 -1.00185 11.8395
359.665 1.76663 10.049
358.86 -2.46886 12.2657
358.543 0.412235 9.37259
358.186 1.45501 11.5564
0.462751 1.5696 10.7781
358.819 -2.47581 11.9117
358.24 0.505241 11.8202
358.923 -1.80521 12.2295
2.34106 -1.79322 10.7423
358.24 2.46389 9.01612
358.426 0.174328 10.3129
359.828 2.36297 11.7287
358.723 2.28229 12.0439
358.666 0.77279 8.97833
358.025 1.5033 9.15685
0.677303 1.06561 10.8461
357.804 -1.60385 12.3535
1.93986 -1.34857 9.01534
357.774 1.46216 11.6226
358.08 0.928606 12.528
1.88645 2.14257 11.5997
359.839 -1.61942 10.5287
359.095 -0.438463 10.8797
0.166804 0.315052 10.9445
1.61605 1.92138 10.6813
1.78305 1.04648 10.1535
0.774318 1.7106 11.6214
359.685 -1.20941 12.0908
359.304 -1.68697 12.0045
359.569 2.24373 11.5025
359.209 -0.509657 9.55516
0.134854 1.95566 10.5698
358.347 -1.8048 11.5807
1.57771 -1.2381 8.22516
359.34 0.688884 10.1525
2.03959 -0.852431 11.4209
0.593993 1.22672 10.9377
357.692 -1.74208 11.0305
359.24 0.159161 10.0125
1.91666 1.0942 8.24145
1.45905 -1.50181 12.5496
1.53219 1.73302 12.6833
0.828877 -0.163993 9.42448
0.453075 0.604975 12.5913
358.865 1.6688 11.7569
1.63529 1.75017 11.5243
1.9821 0.790898 9.56999
2.11315 -0.312333 11.6855
